Polychromatic Huygens MTFFile : C:\Users\tlian\Documents\Zemax\Samples\Navarro_Trisha_scene2retina.ZMX
Title: 
Date : 8/30/2018


Data for 0.4700 to 0.6500 µm.
Spatial Frequency units are cycles per mm.
Modulation is relative to 1.0.

Field: 0.0000 (deg)
Spatial Frequency	  Tangential	    Sagittal
         0.000000	    1.000000	    1.000000
         1.000000	    0.993382	    0.993382
         2.000000	    0.986309	    0.986309
         3.000000	    0.978327	    0.978327
         4.000000	    0.968983	    0.968983
         5.000000	    0.957820	    0.957820
         6.000000	    0.944386	    0.944386
         7.000000	    0.928230	    0.928230
         8.000000	    0.909244	    0.909244
         9.000000	    0.887896	    0.887896
        10.000000	    0.864710	    0.864710
        11.000000	    0.840209	    0.840209
        12.000000	    0.814916	    0.814916
        13.000000	    0.789355	    0.789355
        14.000000	    0.764035	    0.764035
        15.000000	    0.739250	    0.739250
        16.000000	    0.715131	    0.715131
        17.000000	    0.691803	    0.691803
        18.000000	    0.669394	    0.669394
        19.000000	    0.648031	    0.648031
        20.000000	    0.627840	    0.627840
        21.000000	    0.608925	    0.608925
        22.000000	    0.591268	    0.591268
        23.000000	    0.574814	    0.574814
        24.000000	    0.559506	    0.559506
        25.000000	    0.545287	    0.545287
        26.000000	    0.532100	    0.532100
        27.000000	    0.519889	    0.519889
        28.000000	    0.508582	    0.508582
        29.000000	    0.498073	    0.498073
        30.000000	    0.488254	    0.488254
        31.000000	    0.479014	    0.479014
        32.000000	    0.470245	    0.470245
        33.000000	    0.461838	    0.461838
        34.000000	    0.453685	    0.453685
        35.000000	    0.445728	    0.445728
        36.000000	    0.437956	    0.437956
        37.000000	    0.430362	    0.430362
        38.000000	    0.422936	    0.422936
        39.000000	    0.415669	    0.415669
        40.000000	    0.408554	    0.408554
        41.000000	    0.401584	    0.401584
        42.000000	    0.394774	    0.394774
        43.000000	    0.388148	    0.388148
        44.000000	    0.381729	    0.381729
        45.000000	    0.375542	    0.375542
        46.000000	    0.369608	    0.369608
        47.000000	    0.363953	    0.363953
        48.000000	    0.358590	    0.358590
        49.000000	    0.353505	    0.353505
        50.000000	    0.348680	    0.348680
        51.000000	    0.344098	    0.344098
        52.000000	    0.339739	    0.339739
        53.000000	    0.335586	    0.335586
        54.000000	    0.331621	    0.331621
        55.000000	    0.327820	    0.327820
        56.000000	    0.324159	    0.324159
        57.000000	    0.320610	    0.320610
        58.000000	    0.317148	    0.317148
        59.000000	    0.313744	    0.313744
        60.000000	    0.310374	    0.310374
        61.000000	    0.307013	    0.307013
        62.000000	    0.303656	    0.303656
        63.000000	    0.300313	    0.300313
        64.000000	    0.296992	    0.296992
        65.000000	    0.293701	    0.293701
        66.000000	    0.290447	    0.290447
        67.000000	    0.287241	    0.287241
        68.000000	    0.284089	    0.284089
        69.000000	    0.281005	    0.281005
        70.000000	    0.277999	    0.277999
        71.000000	    0.275084	    0.275084
        72.000000	    0.272272	    0.272272
        73.000000	    0.269574	    0.269574
        74.000000	    0.267002	    0.267002
        75.000000	    0.264558	    0.264558
        76.000000	    0.262227	    0.262227
        77.000000	    0.259993	    0.259993
        78.000000	    0.257839	    0.257839
        79.000000	    0.255749	    0.255749
        80.000000	    0.253708	    0.253708
        81.000000	    0.251698	    0.251698
        82.000000	    0.249705	    0.249705
        83.000000	    0.247713	    0.247713
        84.000000	    0.245707	    0.245707
        85.000000	    0.243671	    0.243671
        86.000000	    0.241590	    0.241590
        87.000000	    0.239450	    0.239450
        88.000000	    0.237237	    0.237237
        89.000000	    0.234960	    0.234960
        90.000000	    0.232631	    0.232631
        91.000000	    0.230261	    0.230261
        92.000000	    0.227864	    0.227864
        93.000000	    0.225452	    0.225452
        94.000000	    0.223037	    0.223037
        95.000000	    0.220633	    0.220633
        96.000000	    0.218252	    0.218252
        97.000000	    0.215908	    0.215908
        98.000000	    0.213616	    0.213616
        99.000000	    0.211388	    0.211388
       100.000000	    0.209238	    0.209238
       101.000000	    0.207179	    0.207179
       102.000000	    0.205212	    0.205212
       103.000000	    0.203328	    0.203328
       104.000000	    0.201516	    0.201516
       105.000000	    0.199766	    0.199766
       106.000000	    0.198067	    0.198067
       107.000000	    0.196411	    0.196411
       108.000000	    0.194785	    0.194785
       109.000000	    0.193180	    0.193180
       110.000000	    0.191583	    0.191583
       111.000000	    0.189983	    0.189983
       112.000000	    0.188368	    0.188368
       113.000000	    0.186727	    0.186727
       114.000000	    0.185049	    0.185049
       115.000000	    0.183325	    0.183325
       116.000000	    0.181565	    0.181565
       117.000000	    0.179775	    0.179775
       118.000000	    0.177966	    0.177966
       119.000000	    0.176146	    0.176146
       120.000000	    0.174324	    0.174324
       121.000000	    0.172510	    0.172510
       122.000000	    0.170712	    0.170712
       123.000000	    0.168941	    0.168941
       124.000000	    0.167207	    0.167207
       125.000000	    0.165520	    0.165520
       126.000000	    0.163890	    0.163890
       127.000000	    0.162327	    0.162327
       128.000000	    0.160840	    0.160840
       129.000000	    0.159427	    0.159427
       130.000000	    0.158079	    0.158079
       131.000000	    0.156789	    0.156789
       132.000000	    0.155548	    0.155548
       133.000000	    0.154348	    0.154348
       134.000000	    0.153181	    0.153181
       135.000000	    0.152038	    0.152038
       136.000000	    0.150911	    0.150911
       137.000000	    0.149790	    0.149790
       138.000000	    0.148666	    0.148666
       139.000000	    0.147530	    0.147530
       140.000000	    0.146372	    0.146372
       141.000000	    0.145185	    0.145185
       142.000000	    0.143964	    0.143964
       143.000000	    0.142717	    0.142717
       144.000000	    0.141450	    0.141450
       145.000000	    0.140171	    0.140171
       146.000000	    0.138888	    0.138888
       147.000000	    0.137606	    0.137606
       148.000000	    0.136334	    0.136334
       149.000000	    0.135079	    0.135079
       150.000000	    0.133850	    0.133850
       151.000000	    0.132653	    0.132653
       152.000000	    0.131498	    0.131498
       153.000000	    0.130391	    0.130391
       154.000000	    0.129340	    0.129340
       155.000000	    0.128353	    0.128353
       156.000000	    0.127423	    0.127423
       157.000000	    0.126544	    0.126544
       158.000000	    0.125710	    0.125710
       159.000000	    0.124912	    0.124912
       160.000000	    0.124143	    0.124143
       161.000000	    0.123398	    0.123398
       162.000000	    0.122667	    0.122667
       163.000000	    0.121944	    0.121944
       164.000000	    0.121220	    0.121220
       165.000000	    0.120488	    0.120488
       166.000000	    0.119740	    0.119740
       167.000000	    0.118968	    0.118968
       168.000000	    0.118165	    0.118165
       169.000000	    0.117331	    0.117331
       170.000000	    0.116470	    0.116470
       171.000000	    0.115591	    0.115591
       172.000000	    0.114697	    0.114697
       173.000000	    0.113796	    0.113796
       174.000000	    0.112893	    0.112893
       175.000000	    0.111995	    0.111995
       176.000000	    0.111108	    0.111108
       177.000000	    0.110238	    0.110238
       178.000000	    0.109392	    0.109392
       179.000000	    0.108578	    0.108578
       180.000000	    0.107800	    0.107800
       181.000000	    0.107067	    0.107067
       182.000000	    0.106381	    0.106381
       183.000000	    0.105737	    0.105737
       184.000000	    0.105130	    0.105130
       185.000000	    0.104553	    0.104553
       186.000000	    0.104000	    0.104000
       187.000000	    0.103465	    0.103465
       188.000000	    0.102942	    0.102942
       189.000000	    0.102425	    0.102425
       190.000000	    0.101906	    0.101906
       191.000000	    0.101380	    0.101380
       192.000000	    0.100839	    0.100839
       193.000000	    0.100278	    0.100278
       194.000000	    0.099688	    0.099688
       195.000000	    0.099066	    0.099066
       196.000000	    0.098411	    0.098411
       197.000000	    0.097729	    0.097729
       198.000000	    0.097026	    0.097026
       199.000000	    0.096306	    0.096306
       200.000000	    0.095574	    0.095574
       201.000000	    0.094836	    0.094836
       202.000000	    0.094097	    0.094097
       203.000000	    0.093362	    0.093362
       204.000000	    0.092637	    0.092637
       205.000000	    0.091927	    0.091927
       206.000000	    0.091239	    0.091239
       207.000000	    0.090576	    0.090576
       208.000000	    0.089946	    0.089946
       209.000000	    0.089349	    0.089349
       210.000000	    0.088780	    0.088780
       211.000000	    0.088233	    0.088233
       212.000000	    0.087704	    0.087704
       213.000000	    0.087186	    0.087186
       214.000000	    0.086674	    0.086674
       215.000000	    0.086163	    0.086163
       216.000000	    0.085647	    0.085647
       217.000000	    0.085120	    0.085120
       218.000000	    0.084577	    0.084577
       219.000000	    0.084011	    0.084011
       220.000000	    0.083416	    0.083416
       221.000000	    0.082787	    0.082787
       222.000000	    0.082120	    0.082120
       223.000000	    0.081417	    0.081417
       224.000000	    0.080683	    0.080683
       225.000000	    0.079922	    0.079922
       226.000000	    0.079139	    0.079139
       227.000000	    0.078338	    0.078338
       228.000000	    0.077525	    0.077525
       229.000000	    0.076704	    0.076704
       230.000000	    0.075880	    0.075880
       231.000000	    0.075058	    0.075058
       232.000000	    0.074244	    0.074244
       233.000000	    0.073442	    0.073442
       234.000000	    0.072657	    0.072657
       235.000000	    0.071895	    0.071895
       236.000000	    0.071155	    0.071155
       237.000000	    0.070434	    0.070434
       238.000000	    0.069725	    0.069725
       239.000000	    0.069026	    0.069026
       240.000000	    0.068331	    0.068331
       241.000000	    0.067637	    0.067637
       242.000000	    0.066938	    0.066938
       243.000000	    0.066230	    0.066230
       244.000000	    0.065509	    0.065509
       245.000000	    0.064769	    0.064769
       246.000000	    0.064006	    0.064006
       247.000000	    0.063216	    0.063216
       248.000000	    0.062393	    0.062393
       249.000000	    0.061536	    0.061536
       250.000000	    0.060648	    0.060648
       251.000000	    0.059734	    0.059734
       252.000000	    0.058798	    0.058798
       253.000000	    0.057845	    0.057845
       254.000000	    0.056881	    0.056881
       255.000000	    0.055908	    0.055908
       256.000000	    0.054932	    0.054932
       257.000000	    0.053959	    0.053959
       258.000000	    0.052993	    0.052993
       259.000000	    0.052039	    0.052039
       260.000000	    0.051102	    0.051102
       261.000000	    0.050188	    0.050188
       262.000000	    0.049300	    0.049300
       263.000000	    0.048437	    0.048437
       264.000000	    0.047597	    0.047597
       265.000000	    0.046774	    0.046774
       266.000000	    0.045967	    0.045967
       267.000000	    0.045171	    0.045171
       268.000000	    0.044382	    0.044382
       269.000000	    0.043597	    0.043597
       270.000000	    0.042812	    0.042812
       271.000000	    0.042024	    0.042024
       272.000000	    0.041227	    0.041227
       273.000000	    0.040420	    0.040420
       274.000000	    0.039598	    0.039598
       275.000000	    0.038756	    0.038756
       276.000000	    0.037896	    0.037896
       277.000000	    0.037020	    0.037020
       278.000000	    0.036135	    0.036135
       279.000000	    0.035244	    0.035244
       280.000000	    0.034353	    0.034353
       281.000000	    0.033466	    0.033466
       282.000000	    0.032587	    0.032587
       283.000000	    0.031722	    0.031722
       284.000000	    0.030876	    0.030876
       285.000000	    0.030054	    0.030054
       286.000000	    0.029260	    0.029260
       287.000000	    0.028500	    0.028500
       288.000000	    0.027779	    0.027779
       289.000000	    0.027100	    0.027100
       290.000000	    0.026462	    0.026462
       291.000000	    0.025860	    0.025860
       292.000000	    0.025291	    0.025291
       293.000000	    0.024752	    0.024752
       294.000000	    0.024239	    0.024239
       295.000000	    0.023748	    0.023748
       296.000000	    0.023276	    0.023276
       297.000000	    0.022818	    0.022818
       298.000000	    0.022369	    0.022369
       299.000000	    0.021923	    0.021923
       300.000000	    0.021477	    0.021477
       301.000000	    0.021025	    0.021025
       302.000000	    0.020563	    0.020563
       303.000000	    0.020090	    0.020090
       304.000000	    0.019608	    0.019608
       305.000000	    0.019120	    0.019120
       306.000000	    0.018629	    0.018629
       307.000000	    0.018137	    0.018137
       308.000000	    0.017647	    0.017647
       309.000000	    0.017161	    0.017161
       310.000000	    0.016684	    0.016684
       311.000000	    0.016219	    0.016219
       312.000000	    0.015769	    0.015769
       313.000000	    0.015340	    0.015340
       314.000000	    0.014934	    0.014934
       315.000000	    0.014556	    0.014556
       316.000000	    0.014208	    0.014208
       317.000000	    0.013888	    0.013888
       318.000000	    0.013592	    0.013592
       319.000000	    0.013319	    0.013319
       320.000000	    0.013066	    0.013066
       321.000000	    0.012829	    0.012829
       322.000000	    0.012607	    0.012607
       323.000000	    0.012395	    0.012395
       324.000000	    0.012191	    0.012191
       325.000000	    0.011988	    0.011988
       326.000000	    0.011784	    0.011784
       327.000000	    0.011575	    0.011575
       328.000000	    0.011355	    0.011355
       329.000000	    0.011121	    0.011121
       330.000000	    0.010873	    0.010873
       331.000000	    0.010613	    0.010613
       332.000000	    0.010342	    0.010342
       333.000000	    0.010061	    0.010061
       334.000000	    0.009771	    0.009771
       335.000000	    0.009475	    0.009475
       336.000000	    0.009174	    0.009174
       337.000000	    0.008870	    0.008870
       338.000000	    0.008565	    0.008565
       339.000000	    0.008264	    0.008264
       340.000000	    0.007967	    0.007967
       341.000000	    0.007678	    0.007678
       342.000000	    0.007399	    0.007399
       343.000000	    0.007131	    0.007131
       344.000000	    0.006873	    0.006873
       345.000000	    0.006623	    0.006623
       346.000000	    0.006378	    0.006378
       347.000000	    0.006139	    0.006139
       348.000000	    0.005902	    0.005902
       349.000000	    0.005666	    0.005666
       350.000000	    0.005429	    0.005429
       351.000000	    0.005191	    0.005191
       352.000000	    0.004948	    0.004948
       353.000000	    0.004700	    0.004700
       354.000000	    0.004444	    0.004444
       355.000000	    0.004180	    0.004180
       356.000000	    0.003905	    0.003905
       357.000000	    0.003623	    0.003623
       358.000000	    0.003335	    0.003335
       359.000000	    0.003045	    0.003045
       360.000000	    0.002756	    0.002756
       361.000000	    0.002469	    0.002469
       362.000000	    0.002188	    0.002188
       363.000000	    0.001916	    0.001916
       364.000000	    0.001654	    0.001654
       365.000000	    0.001406	    0.001406
       366.000000	    0.001173	    0.001173
       367.000000	    0.000959	    0.000959
       368.000000	    0.000765	    0.000765
       369.000000	    0.000595	    0.000595
       370.000000	    0.000449	    0.000449
       371.000000	    0.000328	    0.000328
       372.000000	    0.000234	    0.000234
       373.000000	    0.000168	    0.000168
       374.000000	    0.000129	    0.000129
       375.000000	    0.000119	    0.000119
       376.000000	    0.000139	    0.000139
       377.000000	    0.000183	    0.000183
       378.000000	    0.000247	    0.000247
       379.000000	    0.000325	    0.000325
       380.000000	    0.000411	    0.000411
       381.000000	    0.000500	    0.000500
       382.000000	    0.000586	    0.000586
       383.000000	    0.000665	    0.000665
       384.000000	    0.000734	    0.000734
       385.000000	    0.000791	    0.000791
       386.000000	    0.000834	    0.000834
       387.000000	    0.000858	    0.000858
       388.000000	    0.000864	    0.000864
       389.000000	    0.000847	    0.000847
       390.000000	    0.000810	    0.000810
       391.000000	    0.000758	    0.000758
       392.000000	    0.000697	    0.000697
       393.000000	    0.000632	    0.000632
       394.000000	    0.000569	    0.000569
       395.000000	    0.000513	    0.000513
       396.000000	    0.000469	    0.000469
       397.000000	    0.000441	    0.000441
       398.000000	    0.000431	    0.000431
       399.000000	    0.000441	    0.000441
       400.000000	    0.000474	    0.000474
       401.000000	    0.000533	    0.000533
       402.000000	    0.000619	    0.000619
       403.000000	    0.000732	    0.000732
       404.000000	    0.000863	    0.000863
       405.000000	    0.001001	    0.001001
       406.000000	    0.001137	    0.001137
       407.000000	    0.001260	    0.001260
       408.000000	    0.001360	    0.001360
       409.000000	    0.001426	    0.001426
       410.000000	    0.001456	    0.001456
       411.000000	    0.001453	    0.001453
       412.000000	    0.001424	    0.001424
       413.000000	    0.001373	    0.001373
       414.000000	    0.001306	    0.001306
       415.000000	    0.001227	    0.001227
       416.000000	    0.001142	    0.001142
       417.000000	    0.001055	    0.001055
       418.000000	    0.000966	    0.000966
       419.000000	    0.000880	    0.000880
       420.000000	    0.000798	    0.000798
       421.000000	    0.000722	    0.000722
       422.000000	    0.000655	    0.000655
       423.000000	    0.000598	    0.000598
       424.000000	    0.000550	    0.000550
       425.000000	    0.000510	    0.000510
       426.000000	    0.000476	    0.000476
       427.000000	    0.000445	    0.000445
       428.000000	    0.000416	    0.000416
       429.000000	    0.000388	    0.000388
       430.000000	    0.000359	    0.000359
       431.000000	    0.000330	    0.000330
       432.000000	    0.000302	    0.000302
       433.000000	    0.000276	    0.000276
       434.000000	    0.000251	    0.000251
       435.000000	    0.000230	    0.000230
       436.000000	    0.000211	    0.000211
       437.000000	    0.000197	    0.000197
       438.000000	    0.000186	    0.000186
       439.000000	    0.000178	    0.000178
       440.000000	    0.000174	    0.000174
       441.000000	    0.000173	    0.000173
       442.000000	    0.000175	    0.000175
       443.000000	    0.000180	    0.000180
       444.000000	    0.000187	    0.000187
       445.000000	    0.000195	    0.000195
       446.000000	    0.000204	    0.000204
       447.000000	    0.000211	    0.000211
       448.000000	    0.000217	    0.000217
       449.000000	    0.000220	    0.000220
       450.000000	    0.000221	    0.000221
       451.000000	    0.000221	    0.000221
       452.000000	    0.000224	    0.000224
       453.000000	    0.000233	    0.000233
       454.000000	    0.000249	    0.000249
       455.000000	    0.000277	    0.000277
       456.000000	    0.000318	    0.000318
       457.000000	    0.000369	    0.000369
       458.000000	    0.000423	    0.000423
       459.000000	    0.000472	    0.000472
       460.000000	    0.000508	    0.000508
       461.000000	    0.000523	    0.000523
       462.000000	    0.000509	    0.000509
       463.000000	    0.000461	    0.000461
       464.000000	    0.000386	    0.000386
       465.000000	    0.000296	    0.000296
       466.000000	    0.000203	    0.000203
       467.000000	    0.000121	    0.000121
       468.000000	    0.000061	    0.000061
       469.000000	    0.000035	    0.000035
       470.000000	    0.000050	    0.000050
       471.000000	    0.000095	    0.000095
       472.000000	    0.000157	    0.000157
       473.000000	    0.000223	    0.000223
       474.000000	    0.000281	    0.000281
       475.000000	    0.000317	    0.000317
       476.000000	    0.000319	    0.000319
       477.000000	    0.000285	    0.000285
       478.000000	    0.000228	    0.000228
       479.000000	    0.000160	    0.000160
       480.000000	    0.000092	    0.000092
       481.000000	    0.000037	    0.000037
       482.000000	    0.000008	    0.000008
       483.000000	    0.000014	    0.000014
       484.000000	    0.000052	    0.000052
       485.000000	    0.000110	    0.000110
       486.000000	    0.000177	    0.000177
       487.000000	    0.000239	    0.000239
       488.000000	    0.000287	    0.000287
       489.000000	    0.000307	    0.000307
       490.000000	    0.000293	    0.000293
       491.000000	    0.000252	    0.000252
       492.000000	    0.000196	    0.000196
       493.000000	    0.000135	    0.000135
       494.000000	    0.000079	    0.000079
       495.000000	    0.000041	    0.000041
       496.000000	    0.000030	    0.000030
       497.000000	    0.000049	    0.000049
       498.000000	    0.000089	    0.000089
       499.000000	    0.000140	    0.000140
       500.000000	    0.000192	    0.000192

