Diffraction MTF

File : C:\Users\Trisha\Documents\Zemax\SAMPLES\Navarro_Trisha_scene2retina.ZMX
Title: 
Date : 10/11/2018


Data for 0.6328 µm.
Surface: Image (RETINA)
Spatial Frequency units are cycles per mm.
Modulation is relative to 1.0.

Field: 0.00, 0.00 (deg)
Spatial Frequency	  Tangential	    Sagittal
         0.000000	    1.000000	    1.000000
         1.000000	    0.996786	    0.996786
         2.000000	    0.993299	    0.993299
         3.000000	    0.989366	    0.989366
         4.000000	    0.985061	    0.985061
         5.000000	    0.980454	    0.980454
         6.000000	    0.975548	    0.975548
         7.000000	    0.970353	    0.970353
         8.000000	    0.964897	    0.964897
         9.000000	    0.959203	    0.959203
        10.000000	    0.953285	    0.953285
        11.000000	    0.947161	    0.947161
        12.000000	    0.940847	    0.940847
        13.000000	    0.934357	    0.934357
        14.000000	    0.927706	    0.927706
        15.000000	    0.920906	    0.920906
        16.000000	    0.913969	    0.913969
        17.000000	    0.906906	    0.906906
        18.000000	    0.899728	    0.899728
        19.000000	    0.892443	    0.892443
        20.000000	    0.885060	    0.885060
        21.000000	    0.877588	    0.877588
        22.000000	    0.870034	    0.870034
        23.000000	    0.862404	    0.862404
        24.000000	    0.854705	    0.854705
        25.000000	    0.846945	    0.846945
        26.000000	    0.839127	    0.839127
        27.000000	    0.831257	    0.831257
        28.000000	    0.823339	    0.823339
        29.000000	    0.815380	    0.815380
        30.000000	    0.807381	    0.807381
        31.000000	    0.799348	    0.799348
        32.000000	    0.791283	    0.791283
        33.000000	    0.783192	    0.783192
        34.000000	    0.775077	    0.775077
        35.000000	    0.766940	    0.766940
        36.000000	    0.758786	    0.758786
        37.000000	    0.750617	    0.750617
        38.000000	    0.742436	    0.742436
        39.000000	    0.734246	    0.734246
        40.000000	    0.726048	    0.726048
        41.000000	    0.717846	    0.717846
        42.000000	    0.709642	    0.709642
        43.000000	    0.701438	    0.701438
        44.000000	    0.693237	    0.693237
        45.000000	    0.685041	    0.685041
        46.000000	    0.676853	    0.676853
        47.000000	    0.668674	    0.668674
        48.000000	    0.660504	    0.660504
        49.000000	    0.652347	    0.652347
        50.000000	    0.644215	    0.644215
        51.000000	    0.636117	    0.636117
        52.000000	    0.628041	    0.628041
        53.000000	    0.619983	    0.619983
        54.000000	    0.611948	    0.611948
        55.000000	    0.603939	    0.603939
        56.000000	    0.595957	    0.595957
        57.000000	    0.588004	    0.588004
        58.000000	    0.580081	    0.580081
        59.000000	    0.572190	    0.572190
        60.000000	    0.564333	    0.564333
        61.000000	    0.556512	    0.556512
        62.000000	    0.548728	    0.548728
        63.000000	    0.540983	    0.540983
        64.000000	    0.533278	    0.533278
        65.000000	    0.525615	    0.525615
        66.000000	    0.517996	    0.517996
        67.000000	    0.510422	    0.510422
        68.000000	    0.502893	    0.502893
        69.000000	    0.495412	    0.495412
        70.000000	    0.487981	    0.487981
        71.000000	    0.480600	    0.480600
        72.000000	    0.473269	    0.473269
        73.000000	    0.465988	    0.465988
        74.000000	    0.458773	    0.458773
        75.000000	    0.451629	    0.451629
        76.000000	    0.444543	    0.444543
        77.000000	    0.437511	    0.437511
        78.000000	    0.430536	    0.430536
        79.000000	    0.423622	    0.423622
        80.000000	    0.416768	    0.416768
        81.000000	    0.409975	    0.409975
        82.000000	    0.403243	    0.403243
        83.000000	    0.396575	    0.396575
        84.000000	    0.389970	    0.389970
        85.000000	    0.383429	    0.383429
        86.000000	    0.376953	    0.376953
        87.000000	    0.370544	    0.370544
        88.000000	    0.364201	    0.364201
        89.000000	    0.357922	    0.357922
        90.000000	    0.351710	    0.351710
        91.000000	    0.345579	    0.345579
        92.000000	    0.339529	    0.339529
        93.000000	    0.333551	    0.333551
        94.000000	    0.327643	    0.327643
        95.000000	    0.321805	    0.321805
        96.000000	    0.316036	    0.316036
        97.000000	    0.310340	    0.310340
        98.000000	    0.304715	    0.304715
        99.000000	    0.299162	    0.299162
       100.000000	    0.293681	    0.293681
       101.000000	    0.288273	    0.288273
       102.000000	    0.282937	    0.282937
       103.000000	    0.277674	    0.277674
       104.000000	    0.272486	    0.272486
       105.000000	    0.267380	    0.267380
       106.000000	    0.262362	    0.262362
       107.000000	    0.257422	    0.257422
       108.000000	    0.252553	    0.252553
       109.000000	    0.247756	    0.247756
       110.000000	    0.243035	    0.243035
       111.000000	    0.238389	    0.238389
       112.000000	    0.233818	    0.233818
       113.000000	    0.229320	    0.229320
       114.000000	    0.224897	    0.224897
       115.000000	    0.220551	    0.220551
       116.000000	    0.216278	    0.216278
       117.000000	    0.212075	    0.212075
       118.000000	    0.207953	    0.207953
       119.000000	    0.203921	    0.203921
       120.000000	    0.199971	    0.199971
       121.000000	    0.196095	    0.196095
       122.000000	    0.192291	    0.192291
       123.000000	    0.188561	    0.188561
       124.000000	    0.184906	    0.184906
       125.000000	    0.181324	    0.181324
       126.000000	    0.177815	    0.177815
       127.000000	    0.174377	    0.174377
       128.000000	    0.171015	    0.171015
       129.000000	    0.167734	    0.167734
       130.000000	    0.164538	    0.164538
       131.000000	    0.161419	    0.161419
       132.000000	    0.158367	    0.158367
       133.000000	    0.155384	    0.155384
       134.000000	    0.152474	    0.152474
       135.000000	    0.149635	    0.149635
       136.000000	    0.146865	    0.146865
       137.000000	    0.144160	    0.144160
       138.000000	    0.141525	    0.141525
       139.000000	    0.138971	    0.138971
       140.000000	    0.136495	    0.136495
       141.000000	    0.134090	    0.134090
       142.000000	    0.131751	    0.131751
       143.000000	    0.129478	    0.129478
       144.000000	    0.127269	    0.127269
       145.000000	    0.125126	    0.125126
       146.000000	    0.123048	    0.123048
       147.000000	    0.121033	    0.121033
       148.000000	    0.119078	    0.119078
       149.000000	    0.117190	    0.117190
       150.000000	    0.115380	    0.115380
       151.000000	    0.113640	    0.113640
       152.000000	    0.111958	    0.111958
       153.000000	    0.110333	    0.110333
       154.000000	    0.108767	    0.108767
       155.000000	    0.107262	    0.107262
       156.000000	    0.105814	    0.105814
       157.000000	    0.104420	    0.104420
       158.000000	    0.103081	    0.103081
       159.000000	    0.101803	    0.101803
       160.000000	    0.100592	    0.100592
       161.000000	    0.099442	    0.099442
       162.000000	    0.098349	    0.098349
       163.000000	    0.097309	    0.097309
       164.000000	    0.096317	    0.096317
       165.000000	    0.095373	    0.095373
       166.000000	    0.094486	    0.094486
       167.000000	    0.093665	    0.093665
       168.000000	    0.092900	    0.092900
       169.000000	    0.092182	    0.092182
       170.000000	    0.091511	    0.091511
       171.000000	    0.090887	    0.090887
       172.000000	    0.090310	    0.090310
       173.000000	    0.089778	    0.089778
       174.000000	    0.089291	    0.089291
       175.000000	    0.088847	    0.088847
       176.000000	    0.088449	    0.088449
       177.000000	    0.088102	    0.088102
       178.000000	    0.087813	    0.087813
       179.000000	    0.087569	    0.087569
       180.000000	    0.087363	    0.087363
       181.000000	    0.087194	    0.087194
       182.000000	    0.087065	    0.087065
       183.000000	    0.086982	    0.086982
       184.000000	    0.086948	    0.086948
       185.000000	    0.086961	    0.086961
       186.000000	    0.087015	    0.087015
       187.000000	    0.087106	    0.087106
       188.000000	    0.087230	    0.087230
       189.000000	    0.087387	    0.087387
       190.000000	    0.087587	    0.087587
       191.000000	    0.087838	    0.087838
       192.000000	    0.088129	    0.088129
       193.000000	    0.088454	    0.088454
       194.000000	    0.088812	    0.088812
       195.000000	    0.089202	    0.089202
       196.000000	    0.089623	    0.089623
       197.000000	    0.090081	    0.090081
       198.000000	    0.090585	    0.090585
       199.000000	    0.091131	    0.091131
       200.000000	    0.091704	    0.091704
       201.000000	    0.092304	    0.092304
       202.000000	    0.092932	    0.092932
       203.000000	    0.093593	    0.093593
       204.000000	    0.094287	    0.094287
       205.000000	    0.095020	    0.095020
       206.000000	    0.095791	    0.095791
       207.000000	    0.096588	    0.096588
       208.000000	    0.097408	    0.097408
       209.000000	    0.098249	    0.098249
       210.000000	    0.099119	    0.099119
       211.000000	    0.100027	    0.100027
       212.000000	    0.100966	    0.100966
       213.000000	    0.101929	    0.101929
       214.000000	    0.102923	    0.102923
       215.000000	    0.103953	    0.103953
       216.000000	    0.105010	    0.105010
       217.000000	    0.106088	    0.106088
       218.000000	    0.107186	    0.107186
       219.000000	    0.108303	    0.108303
       220.000000	    0.109435	    0.109435
       221.000000	    0.110591	    0.110591
       222.000000	    0.111780	    0.111780
       223.000000	    0.112994	    0.112994
       224.000000	    0.114220	    0.114220
       225.000000	    0.115458	    0.115458
       226.000000	    0.116709	    0.116709
       227.000000	    0.117975	    0.117975
       228.000000	    0.119260	    0.119260
       229.000000	    0.120564	    0.120564
       230.000000	    0.121887	    0.121887
       231.000000	    0.123223	    0.123223
       232.000000	    0.124573	    0.124573
       233.000000	    0.125939	    0.125939
       234.000000	    0.127315	    0.127315
       235.000000	    0.128695	    0.128695
       236.000000	    0.130072	    0.130072
       237.000000	    0.131448	    0.131448
       238.000000	    0.132835	    0.132835
       239.000000	    0.134236	    0.134236
       240.000000	    0.135636	    0.135636
       241.000000	    0.137032	    0.137032
       242.000000	    0.138437	    0.138437
       243.000000	    0.139849	    0.139849
       244.000000	    0.141253	    0.141253
       245.000000	    0.142645	    0.142645
       246.000000	    0.144026	    0.144026
       247.000000	    0.145395	    0.145395
       248.000000	    0.146751	    0.146751
       249.000000	    0.148100	    0.148100
       250.000000	    0.149446	    0.149446
       251.000000	    0.150776	    0.150776
       252.000000	    0.152088	    0.152088
       253.000000	    0.153388	    0.153388
       254.000000	    0.154676	    0.154676
       255.000000	    0.155937	    0.155937
       256.000000	    0.157167	    0.157167
       257.000000	    0.158363	    0.158363
       258.000000	    0.159534	    0.159534
       259.000000	    0.160685	    0.160685
       260.000000	    0.161808	    0.161808
       261.000000	    0.162897	    0.162897
       262.000000	    0.163957	    0.163957
       263.000000	    0.164992	    0.164992
       264.000000	    0.165987	    0.165987
       265.000000	    0.166941	    0.166941
       266.000000	    0.167865	    0.167865
       267.000000	    0.168755	    0.168755
       268.000000	    0.169595	    0.169595
       269.000000	    0.170390	    0.170390
       270.000000	    0.171152	    0.171152
       271.000000	    0.171870	    0.171870
       272.000000	    0.172532	    0.172532
       273.000000	    0.173136	    0.173136
       274.000000	    0.173684	    0.173684
       275.000000	    0.174177	    0.174177
       276.000000	    0.174617	    0.174617
       277.000000	    0.175007	    0.175007
       278.000000	    0.175344	    0.175344
       279.000000	    0.175626	    0.175626
       280.000000	    0.175849	    0.175849
       281.000000	    0.176015	    0.176015
       282.000000	    0.176125	    0.176125
       283.000000	    0.176178	    0.176178
       284.000000	    0.176170	    0.176170
       285.000000	    0.176098	    0.176098
       286.000000	    0.175969	    0.175969
       287.000000	    0.175785	    0.175785
       288.000000	    0.175533	    0.175533
       289.000000	    0.175214	    0.175214
       290.000000	    0.174842	    0.174842
       291.000000	    0.174412	    0.174412
       292.000000	    0.173911	    0.173911
       293.000000	    0.173345	    0.173345
       294.000000	    0.172729	    0.172729
       295.000000	    0.172051	    0.172051
       296.000000	    0.171303	    0.171303
       297.000000	    0.170495	    0.170495
       298.000000	    0.169637	    0.169637
       299.000000	    0.168716	    0.168716
       300.000000	    0.167730	    0.167730
       301.000000	    0.166690	    0.166690
       302.000000	    0.165597	    0.165597
       303.000000	    0.164446	    0.164446
       304.000000	    0.163239	    0.163239
       305.000000	    0.161977	    0.161977
       306.000000	    0.160665	    0.160665
       307.000000	    0.159305	    0.159305
       308.000000	    0.157892	    0.157892
       309.000000	    0.156427	    0.156427
       310.000000	    0.154920	    0.154920
       311.000000	    0.153373	    0.153373
       312.000000	    0.151776	    0.151776
       313.000000	    0.150132	    0.150132
       314.000000	    0.148457	    0.148457
       315.000000	    0.146748	    0.146748
       316.000000	    0.144992	    0.144992
       317.000000	    0.143200	    0.143200
       318.000000	    0.141387	    0.141387
       319.000000	    0.139542	    0.139542
       320.000000	    0.137659	    0.137659
       321.000000	    0.135752	    0.135752
       322.000000	    0.133829	    0.133829
       323.000000	    0.131879	    0.131879
       324.000000	    0.129903	    0.129903
       325.000000	    0.127912	    0.127912
       326.000000	    0.125909	    0.125909
       327.000000	    0.123889	    0.123889
       328.000000	    0.121854	    0.121854
       329.000000	    0.119808	    0.119808
       330.000000	    0.117757	    0.117757
       331.000000	    0.115703	    0.115703
       332.000000	    0.113638	    0.113638
       333.000000	    0.111564	    0.111564
       334.000000	    0.109503	    0.109503
       335.000000	    0.107462	    0.107462
       336.000000	    0.105422	    0.105422
       337.000000	    0.103383	    0.103383
       338.000000	    0.101358	    0.101358
       339.000000	    0.099343	    0.099343
       340.000000	    0.097327	    0.097327
       341.000000	    0.095321	    0.095321
       342.000000	    0.093337	    0.093337
       343.000000	    0.091366	    0.091366
       344.000000	    0.089400	    0.089400
       345.000000	    0.087452	    0.087452
       346.000000	    0.085529	    0.085529
       347.000000	    0.083620	    0.083620
       348.000000	    0.081731	    0.081731
       349.000000	    0.079879	    0.079879
       350.000000	    0.078060	    0.078060
       351.000000	    0.076259	    0.076259
       352.000000	    0.074473	    0.074473
       353.000000	    0.072709	    0.072709
       354.000000	    0.070975	    0.070975
       355.000000	    0.069277	    0.069277
       356.000000	    0.067609	    0.067609
       357.000000	    0.065968	    0.065968
       358.000000	    0.064358	    0.064358
       359.000000	    0.062774	    0.062774
       360.000000	    0.061204	    0.061204
       361.000000	    0.059659	    0.059659
       362.000000	    0.058162	    0.058162
       363.000000	    0.056705	    0.056705
       364.000000	    0.055261	    0.055261
       365.000000	    0.053841	    0.053841
       366.000000	    0.052457	    0.052457
       367.000000	    0.051094	    0.051094
       368.000000	    0.049745	    0.049745
       369.000000	    0.048435	    0.048435
       370.000000	    0.047171	    0.047171
       371.000000	    0.045924	    0.045924
       372.000000	    0.044696	    0.044696
       373.000000	    0.043507	    0.043507
       374.000000	    0.042352	    0.042352
       375.000000	    0.041212	    0.041212
       376.000000	    0.040083	    0.040083
       377.000000	    0.038972	    0.038972
       378.000000	    0.037886	    0.037886
       379.000000	    0.036828	    0.036828
       380.000000	    0.035788	    0.035788
       381.000000	    0.034765	    0.034765
       382.000000	    0.033771	    0.033771
       383.000000	    0.032804	    0.032804
       384.000000	    0.031842	    0.031842
       385.000000	    0.030893	    0.030893
       386.000000	    0.029979	    0.029979
       387.000000	    0.029083	    0.029083
       388.000000	    0.028182	    0.028182
       389.000000	    0.027297	    0.027297
       390.000000	    0.026447	    0.026447
       391.000000	    0.025603	    0.025603
       392.000000	    0.024751	    0.024751
       393.000000	    0.023919	    0.023919
       394.000000	    0.023111	    0.023111
       395.000000	    0.022301	    0.022301
       396.000000	    0.021494	    0.021494
       397.000000	    0.020718	    0.020718
       398.000000	    0.019964	    0.019964
       399.000000	    0.019204	    0.019204
       400.000000	    0.018440	    0.018440
       401.000000	    0.017681	    0.017681
       402.000000	    0.016935	    0.016935
       403.000000	    0.016201	    0.016201
       404.000000	    0.015469	    0.015469
       405.000000	    0.014738	    0.014738
       406.000000	    0.014026	    0.014026
       407.000000	    0.013329	    0.013329
       408.000000	    0.012618	    0.012618
       409.000000	    0.011907	    0.011907
       410.000000	    0.011227	    0.011227
       411.000000	    0.010554	    0.010554
       412.000000	    0.009854	    0.009854
       413.000000	    0.009165	    0.009165
       414.000000	    0.008512	    0.008512
       415.000000	    0.007851	    0.007851
       416.000000	    0.007167	    0.007167
       417.000000	    0.006518	    0.006518
       418.000000	    0.005911	    0.005911
       419.000000	    0.005294	    0.005294
       420.000000	    0.004669	    0.004669
       421.000000	    0.004079	    0.004079
       422.000000	    0.003521	    0.003521
       423.000000	    0.002970	    0.002970
       424.000000	    0.002432	    0.002432
       425.000000	    0.001922	    0.001922
       426.000000	    0.001466	    0.001466
       427.000000	    0.001066	    0.001066
       428.000000	    0.000662	    0.000662
       429.000000	    0.000284	    0.000284
       430.000000	    0.000075	    0.000075
       431.000000	    0.000030	    0.000030
       432.000000	    0.000021	    0.000021
       433.000000	    0.000007	    0.000007
       434.000000	    0.000001	    0.000001
       435.000000	    0.000001	    0.000001
       436.000000	    0.000001	    0.000001
       437.000000	    0.000000	    0.000000
       438.000000	    0.000000	    0.000000
       439.000000	    0.000000	    0.000000
       440.000000	    0.000000	    0.000000
       441.000000	    0.000000	    0.000000
       442.000000	    0.000000	    0.000000
       443.000000	    0.000000	    0.000000
       444.000000	    0.000000	    0.000000
       445.000000	    0.000000	    0.000000
       446.000000	    0.000000	    0.000000
       447.000000	    0.000000	    0.000000
       448.000000	    0.000000	    0.000000
       449.000000	    0.000000	    0.000000
       450.000000	    0.000000	    0.000000
       451.000000	    0.000000	    0.000000
       452.000000	    0.000000	    0.000000
       453.000000	    0.000000	    0.000000
       454.000000	    0.000000	    0.000000
       455.000000	    0.000000	    0.000000
       456.000000	    0.000000	    0.000000
       457.000000	    0.000000	    0.000000
       458.000000	    0.000000	    0.000000
       459.000000	    0.000000	    0.000000
       460.000000	    0.000000	    0.000000
       461.000000	    0.000000	    0.000000
       462.000000	    0.000000	    0.000000
       463.000000	    0.000000	    0.000000
       464.000000	    0.000000	    0.000000
       465.000000	    0.000000	    0.000000
       466.000000	    0.000000	    0.000000
       467.000000	    0.000000	    0.000000
       468.000000	    0.000000	    0.000000
       469.000000	    0.000000	    0.000000
       470.000000	    0.000000	    0.000000

