Diffraction MTF

File : C:\Users\Trisha\Documents\Zemax\SAMPLES\Navarro_Trisha_scene2retina.ZMX
Title: 
Date : 10/11/2018


Data for 0.6328 µm.
Surface: Image (RETINA)
Angular Frequency units are cycles per mr.
Modulation is relative to 1.0.

Field: 0.00, 0.00 (deg)
Spatial Frequency	  Tangential	    Sagittal
         0.000000	    1.000000	    1.000000
         0.020000	    0.996078	    0.996078
         0.040000	    0.991680	    0.991680
         0.060000	    0.986658	    0.986658
         0.080000	    0.981166	    0.981166
         0.100000	    0.975233	    0.975233
         0.120000	    0.968879	    0.968879
         0.140000	    0.962153	    0.962153
         0.160000	    0.955087	    0.955087
         0.180000	    0.947709	    0.947709
         0.200000	    0.940050	    0.940050
         0.220000	    0.932136	    0.932136
         0.240000	    0.923990	    0.923990
         0.260000	    0.915636	    0.915636
         0.280000	    0.907092	    0.907092
         0.300000	    0.898378	    0.898378
         0.320000	    0.889510	    0.889510
         0.340000	    0.880503	    0.880503
         0.360000	    0.871372	    0.871372
         0.380000	    0.862128	    0.862128
         0.400000	    0.852783	    0.852783
         0.420000	    0.843349	    0.843349
         0.440000	    0.833833	    0.833833
         0.460000	    0.824246	    0.824246
         0.480000	    0.814596	    0.814596
         0.500000	    0.804890	    0.804890
         0.520000	    0.795134	    0.795134
         0.540000	    0.785336	    0.785336
         0.560000	    0.775501	    0.775501
         0.580000	    0.765635	    0.765635
         0.600000	    0.755744	    0.755744
         0.620000	    0.745832	    0.745832
         0.640000	    0.735905	    0.735905
         0.660000	    0.725966	    0.725966
         0.680000	    0.716022	    0.716022
         0.700000	    0.706075	    0.706075
         0.720000	    0.696130	    0.696130
         0.740000	    0.686191	    0.686191
         0.760000	    0.676263	    0.676263
         0.780000	    0.666349	    0.666349
         0.800000	    0.656447	    0.656447
         0.820000	    0.646576	    0.646576
         0.840000	    0.636751	    0.636751
         0.860000	    0.626958	    0.626958
         0.880000	    0.617196	    0.617196
         0.900000	    0.607468	    0.607468
         0.920000	    0.597779	    0.597779
         0.940000	    0.588132	    0.588132
         0.960000	    0.578529	    0.578529
         0.980000	    0.568975	    0.568975
         1.000000	    0.559471	    0.559471
         1.020000	    0.550021	    0.550021
         1.040000	    0.540628	    0.540628
         1.060000	    0.531294	    0.531294
         1.080000	    0.522023	    0.522023
         1.100000	    0.512816	    0.512816
         1.120000	    0.503676	    0.503676
         1.140000	    0.494606	    0.494606
         1.160000	    0.485610	    0.485610
         1.180000	    0.476686	    0.476686
         1.200000	    0.467835	    0.467835
         1.220000	    0.459079	    0.459079
         1.240000	    0.450419	    0.450419
         1.260000	    0.441845	    0.441845
         1.280000	    0.433354	    0.433354
         1.300000	    0.424949	    0.424949
         1.320000	    0.416632	    0.416632
         1.340000	    0.408405	    0.408405
         1.360000	    0.400270	    0.400270
         1.380000	    0.392227	    0.392227
         1.400000	    0.384278	    0.384278
         1.420000	    0.376425	    0.376425
         1.440000	    0.368670	    0.368670
         1.460000	    0.361010	    0.361010
         1.480000	    0.353448	    0.353448
         1.500000	    0.345996	    0.345996
         1.520000	    0.338661	    0.338661
         1.540000	    0.331438	    0.331438
         1.560000	    0.324313	    0.324313
         1.580000	    0.317291	    0.317291
         1.600000	    0.310375	    0.310375
         1.620000	    0.303564	    0.303564
         1.640000	    0.296858	    0.296858
         1.660000	    0.290259	    0.290259
         1.680000	    0.283769	    0.283769
         1.700000	    0.277381	    0.277381
         1.720000	    0.271105	    0.271105
         1.740000	    0.264959	    0.264959
         1.760000	    0.258931	    0.258931
         1.780000	    0.253008	    0.253008
         1.800000	    0.247195	    0.247195
         1.820000	    0.241492	    0.241492
         1.840000	    0.235898	    0.235898
         1.860000	    0.230414	    0.230414
         1.880000	    0.225040	    0.225040
         1.900000	    0.219776	    0.219776
         1.920000	    0.214618	    0.214618
         1.940000	    0.209573	    0.209573
         1.960000	    0.204650	    0.204650
         1.980000	    0.199853	    0.199853
         2.000000	    0.195168	    0.195168
         2.020000	    0.190586	    0.190586
         2.040000	    0.186114	    0.186114
         2.060000	    0.181752	    0.181752
         2.080000	    0.177497	    0.177497
         2.100000	    0.173344	    0.173344
         2.120000	    0.169308	    0.169308
         2.140000	    0.165398	    0.165398
         2.160000	    0.161598	    0.161598
         2.180000	    0.157902	    0.157902
         2.200000	    0.154310	    0.154310
         2.220000	    0.150822	    0.150822
         2.240000	    0.147436	    0.147436
         2.260000	    0.144151	    0.144151
         2.280000	    0.140967	    0.140967
         2.300000	    0.137897	    0.137897
         2.320000	    0.134946	    0.134946
         2.340000	    0.132091	    0.132091
         2.360000	    0.129330	    0.129330
         2.380000	    0.126666	    0.126666
         2.400000	    0.124100	    0.124100
         2.420000	    0.121624	    0.121624
         2.440000	    0.119239	    0.119239
         2.460000	    0.116957	    0.116957
         2.480000	    0.114781	    0.114781
         2.500000	    0.112702	    0.112702
         2.520000	    0.110710	    0.110710
         2.540000	    0.108802	    0.108802
         2.560000	    0.106981	    0.106981
         2.580000	    0.105247	    0.105247
         2.600000	    0.103592	    0.103592
         2.620000	    0.102017	    0.102017
         2.640000	    0.100543	    0.100543
         2.660000	    0.099164	    0.099164
         2.680000	    0.097859	    0.097859
         2.700000	    0.096630	    0.096630
         2.720000	    0.095477	    0.095477
         2.740000	    0.094400	    0.094400
         2.760000	    0.093417	    0.093417
         2.780000	    0.092517	    0.092517
         2.800000	    0.091682	    0.091682
         2.820000	    0.090915	    0.090915
         2.840000	    0.090219	    0.090219
         2.860000	    0.089591	    0.089591
         2.880000	    0.089023	    0.089023
         2.900000	    0.088522	    0.088522
         2.920000	    0.088101	    0.088101
         2.940000	    0.087754	    0.087754
         2.960000	    0.087473	    0.087473
         2.980000	    0.087250	    0.087250
         3.000000	    0.087081	    0.087081
         3.020000	    0.086975	    0.086975
         3.040000	    0.086948	    0.086948
         3.060000	    0.086985	    0.086985
         3.080000	    0.087075	    0.087075
         3.100000	    0.087219	    0.087219
         3.120000	    0.087414	    0.087414
         3.140000	    0.087668	    0.087668
         3.160000	    0.087996	    0.087996
         3.180000	    0.088380	    0.088380
         3.200000	    0.088807	    0.088807
         3.220000	    0.089282	    0.089282
         3.240000	    0.089808	    0.089808
         3.260000	    0.090392	    0.090392
         3.280000	    0.091038	    0.091038
         3.300000	    0.091733	    0.091733
         3.320000	    0.092467	    0.092467
         3.340000	    0.093240	    0.093240
         3.360000	    0.094065	    0.094065
         3.380000	    0.094947	    0.094947
         3.400000	    0.095878	    0.095878
         3.420000	    0.096850	    0.096850
         3.440000	    0.097858	    0.097858
         3.460000	    0.098897	    0.098897
         3.480000	    0.099988	    0.099988
         3.500000	    0.101134	    0.101134
         3.520000	    0.102311	    0.102311
         3.540000	    0.103534	    0.103534
         3.560000	    0.104809	    0.104809
         3.580000	    0.106115	    0.106115
         3.600000	    0.107447	    0.107447
         3.620000	    0.108808	    0.108808
         3.640000	    0.110197	    0.110197
         3.660000	    0.111627	    0.111627
         3.680000	    0.113097	    0.113097
         3.700000	    0.114589	    0.114589
         3.720000	    0.116095	    0.116095
         3.740000	    0.117621	    0.117621
         3.760000	    0.119177	    0.119177
         3.780000	    0.120760	    0.120760
         3.800000	    0.122365	    0.122365
         3.820000	    0.123994	    0.123994
         3.840000	    0.125645	    0.125645
         3.860000	    0.127311	    0.127311
         3.880000	    0.128984	    0.128984
         3.900000	    0.130654	    0.130654
         3.920000	    0.132326	    0.132326
         3.940000	    0.134020	    0.134020
         3.960000	    0.135721	    0.135721
         3.980000	    0.137414	    0.137414
         4.000000	    0.139120	    0.139120
         4.020000	    0.140829	    0.140829
         4.040000	    0.142520	    0.142520
         4.060000	    0.144193	    0.144193
         4.080000	    0.145849	    0.145849
         4.100000	    0.147490	    0.147490
         4.120000	    0.149122	    0.149122
         4.140000	    0.150738	    0.150738
         4.160000	    0.152328	    0.152328
         4.180000	    0.153901	    0.153901
         4.200000	    0.155447	    0.155447
         4.220000	    0.156950	    0.156950
         4.240000	    0.158403	    0.158403
         4.260000	    0.159818	    0.159818
         4.280000	    0.161204	    0.161204
         4.300000	    0.162542	    0.162542
         4.320000	    0.163834	    0.163834
         4.340000	    0.165089	    0.165089
         4.360000	    0.166285	    0.166285
         4.380000	    0.167425	    0.167425
         4.400000	    0.168522	    0.168522
         4.420000	    0.169551	    0.169551
         4.440000	    0.170513	    0.170513
         4.460000	    0.171424	    0.171424
         4.480000	    0.172263	    0.172263
         4.500000	    0.173017	    0.173017
         4.520000	    0.173688	    0.173688
         4.540000	    0.174278	    0.174278
         4.560000	    0.174791	    0.174791
         4.580000	    0.175231	    0.175231
         4.600000	    0.175589	    0.175589
         4.620000	    0.175862	    0.175862
         4.640000	    0.176052	    0.176052
         4.660000	    0.176159	    0.176159
         4.680000	    0.176179	    0.176179
         4.700000	    0.176106	    0.176106
         4.720000	    0.175949	    0.175949
         4.740000	    0.175705	    0.175705
         4.760000	    0.175362	    0.175362
         4.780000	    0.174934	    0.174934
         4.800000	    0.174421	    0.174421
         4.820000	    0.173804	    0.173804
         4.840000	    0.173102	    0.173102
         4.860000	    0.172319	    0.172319
         4.880000	    0.171432	    0.171432
         4.900000	    0.170460	    0.170460
         4.920000	    0.169409	    0.169409
         4.940000	    0.168260	    0.168260
         4.960000	    0.167027	    0.167027
         4.980000	    0.165719	    0.165719
         5.000000	    0.164320	    0.164320
         5.020000	    0.162841	    0.162841
         5.040000	    0.161290	    0.161290
         5.060000	    0.159660	    0.159660
         5.080000	    0.157954	    0.157954
         5.100000	    0.156179	    0.156179
         5.120000	    0.154339	    0.154339
         5.140000	    0.152430	    0.152430
         5.160000	    0.150456	    0.150456
         5.180000	    0.148431	    0.148431
         5.200000	    0.146346	    0.146346
         5.220000	    0.144202	    0.144202
         5.240000	    0.142019	    0.142019
         5.260000	    0.139789	    0.139789
         5.280000	    0.137505	    0.137505
         5.300000	    0.135196	    0.135196
         5.320000	    0.132850	    0.132850
         5.340000	    0.130461	    0.130461
         5.360000	    0.128055	    0.128055
         5.380000	    0.125626	    0.125626
         5.400000	    0.123166	    0.123166
         5.420000	    0.120696	    0.120696
         5.440000	    0.118215	    0.118215
         5.460000	    0.115717	    0.115717
         5.480000	    0.113213	    0.113213
         5.500000	    0.110710	    0.110710
         5.520000	    0.108218	    0.108218
         5.540000	    0.105742	    0.105742
         5.560000	    0.103279	    0.103279
         5.580000	    0.100823	    0.100823
         5.600000	    0.098374	    0.098374
         5.620000	    0.095941	    0.095941
         5.640000	    0.093533	    0.093533
         5.660000	    0.091134	    0.091134
         5.680000	    0.088757	    0.088757
         5.700000	    0.086417	    0.086417
         5.720000	    0.084087	    0.084087
         5.740000	    0.081791	    0.081791
         5.760000	    0.079561	    0.079561
         5.780000	    0.077356	    0.077356
         5.800000	    0.075174	    0.075174
         5.820000	    0.073039	    0.073039
         5.840000	    0.070932	    0.070932
         5.860000	    0.068866	    0.068866
         5.880000	    0.066866	    0.066866
         5.900000	    0.064901	    0.064901
         5.920000	    0.062962	    0.062962
         5.940000	    0.061063	    0.061063
         5.960000	    0.059210	    0.059210
         5.980000	    0.057406	    0.057406
         6.000000	    0.055649	    0.055649
         6.020000	    0.053934	    0.053934
         6.040000	    0.052251	    0.052251
         6.060000	    0.050591	    0.050591
         6.080000	    0.048990	    0.048990
         6.100000	    0.047441	    0.047441
         6.120000	    0.045912	    0.045912
         6.140000	    0.044439	    0.044439
         6.160000	    0.043020	    0.043020
         6.180000	    0.041616	    0.041616
         6.200000	    0.040247	    0.040247
         6.220000	    0.038912	    0.038912
         6.240000	    0.037588	    0.037588
         6.260000	    0.036310	    0.036310
         6.280000	    0.035079	    0.035079
         6.300000	    0.033858	    0.033858
         6.320000	    0.032671	    0.032671
         6.340000	    0.031525	    0.031525
         6.360000	    0.030393	    0.030393
         6.380000	    0.029284	    0.029284
         6.400000	    0.028205	    0.028205
         6.420000	    0.027147	    0.027147
         6.440000	    0.026102	    0.026102
         6.460000	    0.025074	    0.025074
         6.480000	    0.024076	    0.024076
         6.500000	    0.023078	    0.023078
         6.520000	    0.022084	    0.022084
         6.540000	    0.021143	    0.021143
         6.560000	    0.020213	    0.020213
         6.580000	    0.019275	    0.019275
         6.600000	    0.018370	    0.018370
         6.620000	    0.017459	    0.017459
         6.640000	    0.016533	    0.016533
         6.660000	    0.015660	    0.015660
         6.680000	    0.014792	    0.014792
         6.700000	    0.013903	    0.013903
         6.720000	    0.013055	    0.013055
         6.740000	    0.012216	    0.012216
         6.760000	    0.011360	    0.011360
         6.780000	    0.010529	    0.010529
         6.800000	    0.009711	    0.009711
         6.820000	    0.008886	    0.008886
         6.840000	    0.008066	    0.008066
         6.860000	    0.007267	    0.007267
         6.880000	    0.006492	    0.006492
         6.900000	    0.005718	    0.005718
         6.920000	    0.004974	    0.004974
         6.940000	    0.004273	    0.004273
         6.960000	    0.003551	    0.003551
         6.980000	    0.002874	    0.002874
         7.000000	    0.002284	    0.002284
         7.020000	    0.001662	    0.001662
         7.040000	    0.001106	    0.001106
         7.060000	    0.000702	    0.000702
         7.080000	    0.000279	    0.000279
         7.100000	    0.000000	    0.000000
         7.120000	    0.000000	    0.000000
         7.140000	    0.000018	    0.000018
         7.160000	    0.000001	    0.000001
         7.180000	    0.000000	    0.000000
         7.200000	    0.000001	    0.000001
         7.220000	    0.000000	    0.000000
         7.240000	    0.000000	    0.000000
         7.260000	    0.000000	    0.000000
         7.280000	    0.000000	    0.000000
         7.300000	    0.000000	    0.000000
         7.320000	    0.000000	    0.000000
         7.340000	    0.000000	    0.000000
         7.360000	    0.000000	    0.000000
         7.380000	    0.000000	    0.000000
         7.400000	    0.000000	    0.000000
         7.420000	    0.000000	    0.000000
         7.440000	    0.000000	    0.000000
         7.460000	    0.000000	    0.000000
         7.480000	    0.000000	    0.000000
         7.500000	    0.000000	    0.000000
         7.520000	    0.000000	    0.000000
         7.540000	    0.000000	    0.000000
         7.560000	    0.000000	    0.000000
         7.580000	    0.000000	    0.000000
         7.600000	    0.000000	    0.000000
         7.620000	    0.000000	    0.000000
         7.640000	    0.000000	    0.000000
         7.660000	    0.000000	    0.000000
         7.680000	    0.000000	    0.000000
         7.700000	    0.000000	    0.000000

